
SYMMETRICAL COMPONENT VOLTAGES BY BUS (for 3-phase buses)

Bus                 Mag:   V1 (kV)    p.u.     V2 (kV)   %V2/V1    V0 (kV)    %V0/V1

internalwto            22.87     0.5742  0.0005287   0.002311  2.549E-9  1.114E-8
151_d3_41819          0.8219     0.1142  0.0002522    0.03068  0.001344    0.1635
157_d3_10522_d3_4     0.6396    0.08884  0.0001961    0.03067  0.001338    0.2092
151_d3_786             0.883     0.1227  0.0002698    0.03055  0.001343    0.1521
157_d3_66760_d3_3     0.8794     0.1222  0.0002699    0.03069  0.001346     0.153
wto                    27.45      0.689  0.0006345   0.002312  3.059E-9  1.114E-8
oh164054               27.45      0.689  0.0006345   0.002312  3.059E-9  1.114E-8
157_d3_9924_d3_1      0.3475    0.04827  0.0001172    0.03373  0.001269    0.3653
157_d3_9925_d3_1      0.3475    0.04827  0.0001192    0.03431  0.001263    0.3636
157_d3_10523_d3_1     0.3476    0.04828  0.0001066    0.03066  0.001328    0.3821
157_d3_9897_d3_1      0.4893    0.06797  0.0001483    0.03031  0.001326     0.271
157_d3_25303_d3_1     0.3475    0.04828  0.0001059    0.03047   0.00131    0.3769
157_d3_25304_d3_1     0.3475    0.04827  0.0001125    0.03237  0.001285    0.3696
157_d3_26020_d3_6     0.9119     0.1267  0.0002434    0.02669  0.001192    0.1307
157_d3_26020_d3_7      0.911     0.1265  0.0002434    0.02672  0.001192    0.1309
150_d3_12             0.9307     0.1293  0.0002685    0.02884  0.001315    0.1413
157_d3_26021_d3_2     0.9284      0.129  0.0002686    0.02893  0.001317    0.1419
157_d3_26022_d3_5     0.9251     0.1285  0.0002686    0.02904  0.001318    0.1425
157_d3_26022_d3_6      0.918     0.1275  0.0002689    0.02929  0.001324    0.1443
151_d3_42214          0.9094     0.1263   0.000269    0.02958  0.001327     0.146
157_d3_66759_d3_2     0.8854      0.123  0.0002697    0.03047  0.001343    0.1517
151_d3_42221-b         27.45      0.689  0.0006345   0.002312  3.059E-9  1.114E-8
157_d3_10839_d3_4      27.45      0.689  0.0006346   0.002312  3.059E-9  1.114E-8
1390_d3_24438         0.9197     0.1278  0.0002432    0.02644  0.001187    0.1291
157_d3_26019_d3_2     0.9174     0.1274  0.0002433    0.02652  0.001189    0.1296
157_d3_9896_d3_3      0.8242     0.1145  0.0002529    0.03068  0.001344     0.163
151_d3_42220           0.926     0.1286  0.0002686      0.029  0.001317    0.1423
154_d3_98             0.9136     0.1269   0.000269    0.02944  0.001326    0.1452
157_d3_26031_d3_3     0.9118     0.1267   0.000269     0.0295  0.001327    0.1456
157_d3_26024_d3_6      0.916     0.1272  0.0002689    0.02936  0.001326    0.1448
155_d3_17500           27.45     0.6889  0.0006346   0.002312  3.059E-9  1.114E-8
157_d3_10840_d3_2      27.44     0.6889  0.0006346   0.002312  3.059E-9  1.114E-8
151_d3_42219          0.9082     0.1261  0.0002435    0.02681  0.001192    0.1313
157_d3_26018_d3_2     0.9064     0.1259  0.0002435    0.02687  0.001194    0.1317
151_d3_42600          0.9145      0.127  0.0002433     0.0266  0.001189      0.13
157_d3_9898_d3_1      0.3466    0.04815          0          0         0         0
157_d3_10377_d3_1     0.3466    0.04815          0          0         0         0
157_d3_10378_d3_1     0.3466    0.04815          0          0         0         0
157_d3_10379_d3_1     0.3466    0.04815          0          0         0         0
157_d3_9900_d3_1      0.3486    0.04842          0          0         0         0
157_d3_10380_d3_1     0.3474    0.04826  0.0001279     0.0368  0.001241    0.3572
157_d3_10381_d3_1     0.3474    0.04826  0.0001296    0.03729  0.001237    0.3561
157_d3_10517_d3_1     0.3474    0.04826  0.0001296    0.03729  0.001237    0.3561
157_d3_10518_d3_1     0.3474    0.04826  0.0001295    0.03729  0.001237    0.3561
157_d3_9901_d3_1      0.3466    0.04815          0          0         0         0
157_d3_9902_d3_1      0.3474    0.04826  0.0001295    0.03729  0.001237    0.3561
157_d3_9904_d3_1      0.3474    0.04826  0.0001295    0.03729  0.001237    0.3561
157_d3_9905_d3_1      0.3474    0.04826  0.0001295    0.03729  0.001237    0.3561
157_d3_30237_d3_1     0.3474    0.04826  0.0001295    0.03729  0.001237    0.3561
157_d3_9906_d3_1      0.3474    0.04826  0.0001295    0.03729  0.001237    0.3561
157_d3_9907_d3_2       0.879     0.1221  0.0003246    0.03692  0.001459     0.166
157_d3_10324_d3_1     0.8542     0.1187          0          0         0         0
157_d3_10325_d3_1     0.8542     0.1187          0          0         0         0
157_d3_10327_d3_1      0.856     0.1189    0.00244     0.2851   0.00167    0.1951
157_d3_25209_d3_1      0.856     0.1189    0.00244     0.2851   0.00167    0.1951
157_d3_25210_d3_1      0.856     0.1189    0.00244     0.2851   0.00167    0.1951
157_d3_25211_d3_1      0.856     0.1189    0.00244     0.2851   0.00167    0.1951
157_d3_25212_d3_1      0.856     0.1189    0.00244     0.2851   0.00167    0.1951
157_d3_25213_d3_1      0.856     0.1189    0.00244     0.2851   0.00167    0.1951
157_d3_25214_d3_1      0.856     0.1189    0.00244     0.2851   0.00167    0.1951
157_d3_25215_d3_1      0.856     0.1189    0.00244     0.2851   0.00167    0.1951
157_d3_10278_d3_1     0.8568      0.119    0.00221     0.2579  0.001971      0.23
157_d3_10329_d3_1     0.8551     0.1188          0          0         0         0
157_d3_10330_d3_1     0.8551     0.1188          0          0         0         0
157_d3_10331_d3_1     0.8551     0.1188          0          0         0         0
157_d3_10332_d3_1     0.8551     0.1188          0          0         0         0
157_d3_10333_d3_1     0.8551     0.1188          0          0         0         0
157_d3_10277_d3_1      0.857     0.1191   0.002183     0.2547  0.001976    0.2306
158_d3_2271_d3_1      0.8576     0.1191          0          0         0         0
157_d3_10328_d3_1     0.8578     0.1192   0.002075     0.2419  0.002006    0.2338
157_d3_58708_d3_6     0.8588     0.1193          0          0         0         0
155_d3_16309          0.8588     0.1193          0          0         0         0
157_d3_58709_d3_12    0.8587     0.1193          0          0         0         0
157_d3_10276_d3_3     0.8587     0.1193          0          0         0         0
157_d3_10830_d3_5     0.8586     0.1193          0          0         0         0
157_d3_30245_d3_1     0.8586     0.1193          0          0         0         0
155_d3_1164           0.8586     0.1193          0          0         0         0
158_d3_21101_d3_1     0.8586     0.1193          0          0         0         0
158_d3_19773_d3_1     0.8586     0.1193          0          0         0         0
158_d3_19774_d3_1     0.8586     0.1193          0          0         0         0
157_d3_10831_d3_1     0.8586     0.1193          0          0         0         0
157_d3_10268_d3_1      0.859     0.1193   0.001978     0.2303  0.002054    0.2391
157_d3_10274_d3_1     0.8597     0.1194          0          0         0         0
157_d3_26377_d3_2     0.8608     0.1196     0.0018     0.2091  0.002206    0.2563
157_d3_10340_d3_1     0.8618     0.1197          0          0         0         0
157_d3_10239_d3_1     0.8637       0.12   0.001477     0.1711  0.002677      0.31
157_d3_10241_d3_4     0.8634     0.1199   0.001477     0.1711  0.002676    0.3099
157_d3_10242_d3_2     0.8634     0.1199   0.001477     0.1711  0.002676    0.3099
157_d3_79200_d3_2     0.8634     0.1199   0.001477     0.1711  0.002676    0.3099
155_d3_23912          0.8634     0.1199   0.001477     0.1711  0.002676    0.3099
158_d3_37485_d3_4     0.8634     0.1199   0.001477     0.1711  0.002676    0.3099
157_d3_10220_d3_1     0.8672     0.1205   0.001327      0.153  0.003241    0.3737
157_d3_10248_d3_1     0.8697     0.1208          0          0         0         0
157_d3_19980_d3_1     0.8697     0.1208          0          0         0         0
157_d3_19981_d3_1     0.8697     0.1208          0          0         0         0
157_d3_10257_d3_1     0.8697     0.1208          0          0         0         0
157_d3_10256_d3_1     0.8696     0.1208          0          0         0         0
157_d3_10255_d3_1     0.8696     0.1208          0          0         0         0
157_d3_10254_d3_1     0.8696     0.1208          0          0         0         0
157_d3_32589_d3_1     0.8696     0.1208          0          0         0         0
157_d3_32590_d3_1     0.8696     0.1208          0          0         0         0
155_d3_1543           0.8696     0.1208          0          0         0         0
158_d3_25153_d3_1     0.8696     0.1208          0          0         0         0
158_d3_25154_d3_1     0.8696     0.1208          0          0         0         0
157_d3_10219_d3_1     0.8673     0.1205   0.001326     0.1528  0.003264    0.3764
157_d3_10222_d3_1     0.8673     0.1205   0.001323     0.1526  0.003317    0.3825
151_d3_619            0.8673     0.1205   0.001323     0.1525  0.003318    0.3825
157_d3_10223_d3_1     0.8671     0.1204   0.001317     0.1519   0.00353    0.4071
157_d3_10224_d3_1       0.87     0.1208          0          0         0         0
157_d3_10225_d3_1     0.8671     0.1204   0.001316     0.1518    0.0036    0.4152
157_d3_10226_d3_1     0.8654     0.1202          0          0         0         0
157_d3_10227_d3_1      0.867     0.1204   0.001316     0.1518  0.003693    0.4259
157_d3_10228_d3_1     0.8669     0.1204   0.001318      0.152  0.003764    0.4341
157_d3_10229_d3_1     0.8669     0.1204   0.001294     0.1493  0.003778    0.4358
157_d3_10865_d3_1     0.8669     0.1204   0.001294     0.1493  0.003778    0.4358
157_d3_24195_d3_1     0.8654     0.1202          0          0         0         0
157_d3_24196_d3_1     0.8653     0.1202          0          0         0         0
157_d3_24194_d3_1     0.8652     0.1202          0          0         0         0
157_d3_24192_d3_1     0.8652     0.1202          0          0         0         0
157_d3_24193_d3_1     0.8651     0.1202          0          0         0         0
157_d3_24191_d3_1      0.865     0.1202          0          0         0         0
157_d3_24189_d3_1      0.865     0.1202          0          0         0         0
157_d3_24190_d3_1     0.8649     0.1201          0          0         0         0
157_d3_10250_d3_1     0.8649     0.1201          0          0         0         0
157_d3_24187_d3_1     0.8648     0.1201          0          0         0         0
157_d3_24188_d3_1     0.8647     0.1201          0          0         0         0
157_d3_10530_d3_1     0.8647     0.1201          0          0         0         0
157_d3_24185_d3_1     0.8646     0.1201          0          0         0         0
157_d3_24186_d3_1     0.8646     0.1201          0          0         0         0
157_d3_24184_d3_1     0.8646     0.1201          0          0         0         0
157_d3_24183_d3_1     0.8646     0.1201          0          0         0         0
157_d3_24181_d3_1     0.8646     0.1201          0          0         0         0
157_d3_24182_d3_1     0.8646     0.1201          0          0         0         0
157_d3_10230_d3_1     0.8652     0.1202          0          0         0         0
157_d3_10249_d3_1      0.865     0.1202          0          0         0         0
157_d3_17055_d3_1      0.865     0.1202          0          0         0         0
157_d3_10279_d3_1     0.8564      0.119   0.002263     0.2642  0.001949    0.2276
157_d3_10284_d3_1     0.8561     0.1189    0.00228     0.2664  0.001993    0.2328
157_d3_10285_d3_1     0.8542     0.1187          0          0         0         0
157_d3_10286_d3_1     0.8542     0.1187          0          0         0         0
157_d3_10287_d3_1     0.8556     0.1188   0.002297     0.2685   0.00203    0.2372
157_d3_10288_d3_1     0.8569      0.119          0          0         0         0
159_d3_11223_d3_1     0.8569      0.119          0          0         0         0
157_d3_10343_d3_1     0.8561     0.1189          0          0         0         0
157_d3_10344_d3_1      0.856     0.1189          0          0         0         0
157_d3_10342_d3_1     0.8559     0.1189          0          0         0         0
157_d3_10306_d3_1     0.8559     0.1189          0          0         0         0
157_d3_10305_d3_1     0.8558     0.1189          0          0         0         0
157_d3_11921_d3_1     0.8558     0.1189          0          0         0         0
157_d3_11922_d3_1     0.8558     0.1189          0          0         0         0
157_d3_32234_d3_1     0.8558     0.1189          0          0         0         0
157_d3_32235_d3_1     0.8558     0.1189          0          0         0         0
157_d3_36711_d3_1     0.8553     0.1188   0.002281     0.2667  0.002111    0.2468
157_d3_36714_d3_1     0.8538     0.1186   0.002227     0.2608  0.002433     0.285
157_d3_10334_d3_1     0.8538     0.1186   0.002226     0.2607  0.002441    0.2859
157_d3_10335_d3_1     0.8513     0.1183   0.002177     0.2557  0.002962    0.3479
157_d3_10290_d3_1     0.8518     0.1183          0          0         0         0
157_d3_10291_d3_1      0.851     0.1182   0.002174     0.2554  0.003036    0.3568
151_d3_633             0.851     0.1182   0.002174     0.2554  0.003036    0.3568
157_d3_10292_d3_1     0.8509     0.1182   0.002173     0.2554  0.003051    0.3586
157_d3_10301_d3_1       0.85     0.1181   0.002171     0.2555  0.003246    0.3818
157_d3_10302_d3_1     0.8486     0.1179   0.002184     0.2574  0.003543    0.4175
157_d3_10303_d3_1     0.8481     0.1178   0.002123     0.2504  0.003552    0.4188
157_d3_10304_d3_1     0.8477     0.1177    0.00207     0.2442  0.003563    0.4203
157_d3_10312_d3_1     0.8507     0.1182          0          0         0         0
157_d3_24495_d3_1     0.8475     0.1177   0.002051      0.242  0.003567    0.4209
157_d3_24494_d3_1     0.8468     0.1176    0.00205      0.242  0.003562    0.4206
157_d3_24496_d3_1     0.8467     0.1176   0.002049      0.242  0.003561    0.4206
160_d3_36068_d3_1     0.8467     0.1176   0.002049      0.242  0.003561    0.4206
157_d3_25903_d3_1      0.847     0.1177          0          0         0         0
154_d3_312             0.847     0.1177          0          0         0         0
157_d3_25904_d3_1      0.844     0.1172          0          0         0         0
157_d3_10321_d3_2      0.844     0.1172          0          0         0         0
157_d3_10321_d3_3     0.8438     0.1172          0          0         0         0
157_d3_10322_d3_1     0.8432     0.1171          0          0         0         0
157_d3_10270_d3_1     0.8431     0.1171          0          0         0         0
157_d3_9987_d3_1      0.8431     0.1171          0          0         0         0
157_d3_9988_d3_1      0.8431     0.1171          0          0         0         0
157_d3_10315_d3_1     0.8432     0.1171          0          0         0         0
157_d3_10316_d3_1     0.8431     0.1171          0          0         0         0
157_d3_17129_d3_1      0.844     0.1172          0          0         0         0
154_d3_541             0.844     0.1172          0          0         0         0
157_d3_17130_d3_1     0.8437     0.1172          0          0         0         0
157_d3_10171_d3_1     0.8437     0.1172          0          0         0         0
157_d3_10172_d3_1     0.8433     0.1171          0          0         0         0
157_d3_10320_d3_1     0.8425      0.117          0          0         0         0
157_d3_10319_d3_1     0.8419     0.1169          0          0         0         0
157_d3_10318_d3_2     0.8419     0.1169          0          0         0         0
157_d3_10314_d3_3     0.8419     0.1169          0          0         0         0
157_d3_29478_d3_1     0.8418     0.1169          0          0         0         0
157_d3_29479_d3_1     0.8417     0.1169          0          0         0         0
157_d3_28436_d3_1     0.8417     0.1169          0          0         0         0
157_d3_10317_d3_2     0.8416     0.1169          0          0         0         0
157_d3_29480_d3_3     0.8415     0.1169          0          0         0         0
157_d3_29481_d3_2     0.8415     0.1169          0          0         0         0
157_d3_29711_d3_3     0.8415     0.1169          0          0         0         0
157_d3_32604_d3_1     0.8416     0.1169          0          0         0         0
157_d3_10313_d3_1     0.8437     0.1172          0          0         0         0
157_d3_10293_d3_1     0.8455     0.1174          0          0         0         0
154_d3_102            0.8455     0.1174          0          0         0         0
157_d3_10294_d3_1     0.8454     0.1174          0          0         0         0
157_d3_10295_d3_1     0.8453     0.1174          0          0         0         0
157_d3_10296_d3_1     0.8452     0.1174          0          0         0         0
157_d3_10176_d3_1     0.8451     0.1174          0          0         0         0
157_d3_10177_d3_1     0.8451     0.1174          0          0         0         0
157_d3_10174_d3_1      0.845     0.1174          0          0         0         0
157_d3_10175_d3_1      0.845     0.1174          0          0         0         0
157_d3_10299_d3_1      0.845     0.1174          0          0         0         0
157_d3_10300_d3_1      0.845     0.1174          0          0         0         0
157_d3_10298_d3_1     0.8451     0.1174          0          0         0         0
157_d3_32561_d3_1     0.8678     0.1206          0          0         0         0
157_d3_10407_d3_1     0.8677     0.1205          0          0         0         0
157_d3_32591_d3_1     0.8676     0.1205          0          0         0         0
157_d3_32592_d3_1     0.8675     0.1205          0          0         0         0
157_d3_32593_d3_1     0.8674     0.1205          0          0         0         0
157_d3_32594_d3_1     0.8674     0.1205          0          0         0         0
157_d3_32595_d3_1     0.8672     0.1205          0          0         0         0
157_d3_32596_d3_1     0.8672     0.1205          0          0         0         0
157_d3_32597_d3_1     0.8671     0.1205          0          0         0         0
157_d3_32598_d3_1     0.8671     0.1204          0          0         0         0
157_d3_34171_d3_1      0.867     0.1204          0          0         0         0
157_d3_34172_d3_1      0.867     0.1204          0          0         0         0
159_d3_34551_d3_1      0.867     0.1204          0          0         0         0
157_d3_34172_d3_2     0.8669     0.1204          0          0         0         0
157_d3_9903_d3_1      0.8669     0.1204          0          0         0         0
157_d3_37137_d3_1     0.8702     0.1209   0.001885     0.2167  0.005136    0.5902
157_d3_32554_d3_1     0.8701     0.1209   0.001911     0.2196  0.005186     0.596
157_d3_32555_d3_1       0.87     0.1209   0.001947     0.2238  0.005255     0.604
157_d3_9930_d3_1        0.87     0.1209   0.001947     0.2238  0.005255     0.604
157_d3_10408_d3_1     0.8683     0.1206          0          0         0         0
157_d3_10408_d3_2     0.8683     0.1206          0          0         0         0
157_d3_10409_d3_1     0.8683     0.1206          0          0         0         0
157_d3_10409_d3_2     0.8683     0.1206          0          0         0         0
157_d3_37130_d3_1       0.87     0.1208   0.001977     0.2272  0.005308    0.6101
157_d3_37131_d3_1       0.87     0.1208   0.001993     0.2291  0.005338    0.6136
157_d3_9932_d3_1      0.8744     0.1215          0          0         0         0
157_d3_9941_d3_1      0.8699     0.1208   0.002023     0.2326  0.005391    0.6197
157_d3_33595_d3_1     0.8699     0.1208    0.00203     0.2334  0.005403    0.6211
157_d3_33593_d3_1     0.8699     0.1208    0.00203     0.2334  0.005403    0.6211
157_d3_33594_d3_1     0.8699     0.1208    0.00203     0.2334  0.005403    0.6211
155_d3_2397           0.8699     0.1208    0.00203     0.2334  0.005403    0.6211
158_d3_28497_d3_1     0.8699     0.1208    0.00203     0.2334  0.005403    0.6211
157_d3_33596_d3_1     0.8698     0.1208    0.00205     0.2356  0.005438    0.6252
157_d3_9943_d3_1      0.8697     0.1208   0.002069     0.2379  0.005472    0.6291
157_d3_10410_d3_1     0.8697     0.1208   0.002069     0.2379  0.005471    0.6291
157_d3_9983_d3_1      0.8696     0.1208   0.002069     0.2379  0.005471    0.6291
157_d3_9984_d3_1      0.8696     0.1208   0.002069     0.2379  0.005471    0.6291
158_d3_2263_d3_2      0.8696     0.1208   0.002069     0.2379  0.005471    0.6291
157_d3_75994_d3_2     0.8696     0.1208   0.002069     0.2379  0.005471    0.6291
155_d3_20709          0.8696     0.1208   0.002069     0.2379  0.005471    0.6291
158_d3_98222_d3_1     0.8696     0.1208   0.002069     0.2379  0.005471    0.6291
151_d3_59538-b        0.8696     0.1208   0.002069     0.2379  0.005471    0.6291
158_d3_98218_d3_2     0.8696     0.1208   0.002069     0.2379  0.005471    0.6291
158_d3_98215_d3_1     0.8696     0.1208   0.002069     0.2379  0.005471    0.6291
158_d3_98216_d3_1     0.8696     0.1208   0.002069     0.2379  0.005471    0.6291
158_d3_98217_d3_1     0.8696     0.1208   0.002069     0.2379  0.005471    0.6291
158_d3_98221_d3_2     0.8696     0.1208   0.002069     0.2379  0.005471    0.6291
151_d3_59535-b        0.8696     0.1208   0.002069     0.2379  0.005471    0.6291
158_d3_31995_d3_7     0.8696     0.1208   0.002069     0.2379  0.005471    0.6291
151_d3_12608          0.8696     0.1208   0.002069     0.2379  0.005471    0.6291
158_d3_31989_d3_1     0.8696     0.1208   0.002069     0.2379  0.005471    0.6291
158_d3_31986_d3_1     0.8696     0.1208   0.002069     0.2379  0.005471    0.6291
158_d3_31988_d3_1     0.8696     0.1208   0.002069     0.2379  0.005471    0.6291
158_d3_31992_d3_1     0.8696     0.1208   0.002069     0.2379  0.005471    0.6291
151_d3_12606          0.8696     0.1208   0.002069     0.2379  0.005471    0.6291
158_d3_31998_d3_1     0.8696     0.1208   0.002069     0.2379  0.005471    0.6291
151_d3_11742          0.8696     0.1208   0.002069     0.2379  0.005471    0.6291
158_d3_30779_d3_1     0.8696     0.1208   0.002069     0.2379  0.005471    0.6291
158_d3_30777_d3_1     0.8696     0.1208   0.002069     0.2379  0.005471    0.6291
158_d3_30775_d3_1     0.8696     0.1208   0.002069     0.2379  0.005471    0.6291
151_d3_626            0.8696     0.1208   0.002069     0.2379  0.005471    0.6291
158_d3_2267_d3_1      0.8696     0.1208   0.002069     0.2379  0.005471    0.6291
158_d3_30780_d3_1     0.8696     0.1208   0.002069     0.2379  0.005471    0.6291
151_d3_11744          0.8696     0.1208   0.002069     0.2379  0.005471    0.6291
158_d3_31941_d3_1     0.8696     0.1208   0.002069     0.2379  0.005471    0.6291
151_d3_12698          0.8696     0.1208   0.002069     0.2379  0.005471    0.6291
158_d3_31942_d3_1     0.8696     0.1208   0.002069     0.2379  0.005471    0.6291
158_d3_31943_d3_2     0.8696     0.1208   0.002069     0.2379  0.005471    0.6291
158_d3_31939_d3_1     0.8696     0.1208   0.002069     0.2379  0.005471    0.6291
151_d3_627            0.8696     0.1208   0.002069     0.2379  0.005471    0.6291
158_d3_123576_d3_4    0.8696     0.1208   0.002069     0.2379  0.005471    0.6291
158_d3_31943_d3_1     0.8696     0.1208   0.002069     0.2379  0.005471    0.6291
158_d3_31944_d3_1     0.8696     0.1208   0.002069     0.2379  0.005471    0.6291
151_d3_12697          0.8696     0.1208   0.002069     0.2379  0.005471    0.6291
158_d3_6792_d3_1      0.8696     0.1208   0.002069     0.2379  0.005471    0.6291
158_d3_30778_d3_1     0.8696     0.1208   0.002069     0.2379  0.005471    0.6291
151_d3_11743          0.8696     0.1208   0.002069     0.2379  0.005471    0.6291
158_d3_30781_d3_1     0.8696     0.1208   0.002069     0.2379  0.005471    0.6291
158_d3_31999_d3_1     0.8696     0.1208   0.002069     0.2379  0.005471    0.6291
151_d3_12607          0.8696     0.1208   0.002069     0.2379  0.005471    0.6291
158_d3_32000_d3_1     0.8696     0.1208   0.002069     0.2379  0.005471    0.6291
157_d3_10415_d3_1     0.8697     0.1208    0.00208     0.2392  0.005491    0.6313
157_d3_37132_d3_1     0.8696     0.1208   0.002117     0.2434  0.005552    0.6384
157_d3_37133_d3_1     0.8696     0.1208   0.002143     0.2465  0.005598    0.6437
157_d3_30248_d3_1     0.8695     0.1208   0.002201     0.2531  0.005697    0.6552
157_d3_32733_d3_1     0.8695     0.1208   0.002208      0.254   0.00571    0.6567
155_d3_198            0.8451     0.1174          0          0         0         0
158_d3_2272_d3_1      0.8451     0.1174          0          0         0         0
157_d3_10297_d3_1     0.8452     0.1174          0          0         0         0
157_d3_10307_d3_1     0.8448     0.1174          0          0         0         0
157_d3_16980_d3_1     0.8448     0.1174          0          0         0         0
155_d3_199            0.8448     0.1174          0          0         0         0
158_d3_2273_d3_1      0.8448     0.1174          0          0         0         0
157_d3_17034_d3_1     0.8444     0.1173          0          0         0         0
157_d3_17033_d3_1     0.8444     0.1173          0          0         0         0
157_d3_17035_d3_1     0.8441     0.1173          0          0         0         0
157_d3_10170_d3_1     0.8438     0.1172          0          0         0         0
157_d3_10173_d3_1     0.8437     0.1172          0          0         0         0
157_d3_10169_d3_1     0.8434     0.1172          0          0         0         0
157_d3_10309_d3_1     0.8434     0.1172          0          0         0         0
157_d3_32482_d3_1     0.8433     0.1171          0          0         0         0
157_d3_32483_d3_2      0.843     0.1171          0          0         0         0
157_d3_89214_d3_2      0.843     0.1171          0          0         0         0
157_d3_32483_d3_3      0.843     0.1171          0          0         0         0
157_d3_10310_d3_1      0.843     0.1171          0          0         0         0
157_d3_27317_d3_1     0.8428     0.1171          0          0         0         0
157_d3_27316_d3_1     0.8428     0.1171          0          0         0         0
157_d3_27319_d3_1     0.8428     0.1171          0          0         0         0
157_d3_27320_d3_1     0.8428     0.1171          0          0         0         0
157_d3_27321_d3_1     0.8428     0.1171          0          0         0         0
157_d3_27322_d3_1     0.8428     0.1171          0          0         0         0
157_d3_27323_d3_1     0.8428     0.1171          0          0         0         0
157_d3_27324_d3_1     0.8428     0.1171          0          0         0         0
157_d3_27318_d3_1     0.8426      0.117          0          0         0         0
157_d3_10168_d3_1     0.8426      0.117          0          0         0         0
157_d3_10308_d3_1     0.8441     0.1173          0          0         0         0
157_d3_27619_d3_1      0.844     0.1172          0          0         0         0
157_d3_27618_d3_1      0.844     0.1172          0          0         0         0
157_d3_27620_d3_1      0.844     0.1172          0          0         0         0
157_d3_10311_d3_1     0.8453     0.1174          0          0         0         0
157_d3_27697_d3_1     0.8453     0.1174          0          0         0         0
157_d3_27698_d3_1     0.8453     0.1174          0          0         0         0
157_d3_10180_d3_1     0.8453     0.1174          0          0         0         0
157_d3_10179_d3_1     0.8453     0.1174          0          0         0         0
157_d3_10178_d3_1     0.8453     0.1174          0          0         0         0
157_d3_10519_d3_1     0.8509     0.1182   0.002173     0.2554  0.003051    0.3586
157_d3_10540_d3_1     0.8563      0.119   0.002306     0.2693  0.001875    0.2189
157_d3_10283_d3_1     0.8566      0.119          0          0         0         0
157_d3_10326_d3_1     0.8561     0.1189   0.002425     0.2833  0.001691    0.1975
157_d3_10184_d3_1     0.8556     0.1189          0          0         0         0
157_d3_10185_d3_1     0.8556     0.1188          0          0         0         0
157_d3_10280_d3_1     0.8556     0.1188          0          0         0         0
157_d3_10281_d3_1     0.8553     0.1188          0          0         0         0
157_d3_10183_d3_1     0.8551     0.1188          0          0         0         0
157_d3_10421_d3_1     0.8551     0.1188          0          0         0         0
157_d3_10271_d3_1     0.8549     0.1188          0          0         0         0
157_d3_10182_d3_1     0.8548     0.1187          0          0         0         0
157_d3_10181_d3_1     0.8547     0.1187          0          0         0         0
157_d3_30246_d3_1     0.8547     0.1187          0          0         0         0
155_d3_1165           0.8547     0.1187          0          0         0         0
158_d3_21102_d3_1     0.8547     0.1187          0          0         0         0
158_d3_8488_d3_4      0.8547     0.1187          0          0         0         0
151_d3_60303-b        0.8547     0.1187          0          0         0         0
158_d3_98567_d3_2     0.8547     0.1187          0          0         0         0
158_d3_98569_d3_1     0.8547     0.1187          0          0         0         0
158_d3_98570_d3_1     0.8547     0.1187          0          0         0         0
158_d3_98571_d3_1     0.8547     0.1187          0          0         0         0
158_d3_98568_d3_2     0.8546     0.1187          0          0         0         0
151_d3_60306-b        0.8546     0.1187          0          0         0         0
158_d3_2276_d3_3      0.8546     0.1187          0          0         0         0
151_d3_636            0.8546     0.1187          0          0         0         0
158_d3_2277_d3_1      0.8546     0.1187          0          0         0         0
158_d3_2278_d3_1      0.8546     0.1187          0          0         0         0
151_d3_637            0.8546     0.1187          0          0         0         0
158_d3_2279_d3_1      0.8546     0.1187          0          0         0         0
158_d3_2280_d3_1      0.8546     0.1187          0          0         0         0
158_d3_7004_d3_1      0.8546     0.1187          0          0         0         0
157_d3_10282_d3_1     0.8553     0.1188          0          0         0         0
157_d3_10186_d3_1     0.8542     0.1187          0          0         0         0
157_d3_10187_d3_1     0.8542     0.1187          0          0         0         0
157_d3_10323_d3_1     0.8542     0.1186          0          0         0         0
157_d3_10192_d3_1     0.9159     0.1272          0          0         0         0
157_d3_10193_d3_1     0.9157     0.1272          0          0         0         0
157_d3_10188_d3_1     0.9221     0.1281          0          0         0         0
157_d3_10435_d3_1      0.922     0.1281          0          0         0         0
157_d3_10436_d3_1     0.9218      0.128          0          0         0         0
157_d3_10434_d3_1     0.9217      0.128          0          0         0         0
157_d3_10189_d3_1     0.9217      0.128          0          0         0         0
157_d3_10190_d3_1     0.9214      0.128          0          0         0         0
158_d3_121157_d3_4    0.9214      0.128          0          0         0         0
151_d3_77990-b        0.9214      0.128          0          0         0         0
158_d3_121151_d3_2    0.9214      0.128          0          0         0         0
158_d3_121154_d3_1    0.9214      0.128          0          0         0         0
158_d3_121156_d3_2    0.9214      0.128          0          0         0         0
151_d3_77989-b        0.9214      0.128          0          0         0         0
158_d3_121159_d3_3    0.9214      0.128          0          0         0         0
158_d3_121153_d3_1    0.9214      0.128          0          0         0         0
158_d3_121152_d3_1    0.9214      0.128          0          0         0         0
158_d3_121150_d3_2    0.9214      0.128          0          0         0         0
151_d3_77987-b        0.9214      0.128          0          0         0         0
158_d3_121158_d3_2    0.9213      0.128          0          0         0         0
157_d3_10167_d3_1     0.9236     0.1283          0          0         0         0
157_d3_10437_d3_1     0.9236     0.1283          0          0         0         0
157_d3_10438_d3_1     0.9236     0.1283          0          0         0         0
157_d3_10158_d3_1     0.8515     0.1183          0          0         0         0
157_d3_10441_d3_1     0.8514     0.1183          0          0         0         0
157_d3_10442_d3_1     0.8514     0.1183          0          0         0         0
157_d3_10114_d3_1     0.8579     0.1192          0          0         0         0
157_d3_10159_d3_1     0.8578     0.1192          0          0         0         0
157_d3_10191_d3_1     0.8578     0.1192          0          0         0         0
157_d3_10123_d3_1     0.8578     0.1192          0          0         0         0
157_d3_10124_d3_1     0.8578     0.1192          0          0         0         0
157_d3_10113_d3_1       0.86     0.1195          0          0         0         0
157_d3_10444_d3_1       0.86     0.1195          0          0         0         0
157_d3_10445_d3_1     0.8599     0.1195          0          0         0         0
157_d3_10446_d3_1     0.8599     0.1194          0          0         0         0
157_d3_10447_d3_1     0.8598     0.1194          0          0         0         0
157_d3_10121_d3_1     0.8598     0.1194          0          0         0         0
157_d3_10122_d3_1     0.8597     0.1194          0          0         0         0
157_d3_10110_d3_1     0.8694     0.1208          0          0         0         0
157_d3_10111_d3_1     0.8693     0.1208          0          0         0         0
154_d3_479            0.8693     0.1208          0          0         0         0
157_d3_10448_d3_1     0.8692     0.1207          0          0         0         0
157_d3_10449_d3_1     0.8686     0.1207          0          0         0         0
157_d3_10152_d3_1     0.8686     0.1207          0          0         0         0
155_d3_200            0.8686     0.1207          0          0         0         0
157_d3_10155_d3_1     0.8686     0.1207          0          0         0         0
157_d3_10156_d3_1     0.8686     0.1207          0          0         0         0
157_d3_10153_d3_1     0.8673     0.1205          0          0         0         0
157_d3_10154_d3_1     0.8673     0.1205          0          0         0         0
157_d3_10163_d3_1     0.8673     0.1205          0          0         0         0
157_d3_10443_d3_1     0.8668     0.1204          0          0         0         0
157_d3_11924_d3_1     0.8667     0.1204          0          0         0         0
157_d3_11923_d3_1     0.8665     0.1204          0          0         0         0
157_d3_11925_d3_1     0.8665     0.1204          0          0         0         0
157_d3_25611_d3_1     0.8669     0.1204          0          0         0         0
157_d3_25612_d3_1     0.8668     0.1204          0          0         0         0
158_d3_8198_d3_1      0.8673     0.1205          0          0         0         0
157_d3_10109_d3_1     0.8708      0.121          0          0         0         0
158_d3_2261_d3_1      0.8708      0.121          0          0         0         0
157_d3_27414_d3_1     0.8544     0.1187    0.01185      1.387   0.02287     2.677
157_d3_27411_d3_1     0.8763     0.1217          0          0         0         0
157_d3_27412_d3_1     0.8763     0.1217          0          0         0         0
157_d3_10119_d3_1     0.8763     0.1217          0          0         0         0
158_d3_2755_d3_1      0.8763     0.1217          0          0         0         0
157_d3_10462_d3_1      0.857      0.119   0.009594       1.12    0.0191     2.229
157_d3_10460_d3_1      0.857      0.119   0.009597       1.12    0.0191     2.229
157_d3_10461_d3_1      0.857      0.119   0.009597       1.12    0.0191     2.229
157_d3_10067_d3_1      0.857      0.119   0.009597       1.12    0.0191     2.229
157_d3_10068_d3_1     0.8351      0.116          0          0         0         0
157_d3_10063_d3_1     0.8582     0.1192   0.008638      1.006   0.01751     2.041
157_d3_10465_d3_1     0.8617     0.1197          0          0         0         0
157_d3_10466_d3_1     0.8617     0.1197          0          0         0         0
157_d3_10471_d3_1     0.8617     0.1197   0.006244     0.7246   0.01354     1.571
158_d3_2259_d3_1      0.8631     0.1199          0          0         0         0
157_d3_32477_d3_1     0.8626     0.1198   0.005729     0.6642   0.01264     1.465
157_d3_34695_d3_1     0.8734     0.1213          0          0         0         0
157_d3_34696_d3_1     0.8734     0.1213          0          0         0         0
157_d3_10053_d3_1     0.8629     0.1199   0.005567     0.6451   0.01233     1.429
157_d3_10086_d3_1     0.8734     0.1213          0          0         0         0
157_d3_10087_d3_1     0.8734     0.1213          0          0         0         0
157_d3_10091_d3_1     0.8632     0.1199   0.005412      0.627   0.01204     1.395
157_d3_10089_d3_1     0.8733     0.1213          0          0         0         0
157_d3_10090_d3_1     0.8733     0.1213          0          0         0         0
157_d3_10088_d3_1     0.8733     0.1213          0          0         0         0
157_d3_10010_d3_1     0.8733     0.1213          0          0         0         0
157_d3_10011_d3_1     0.8733     0.1213          0          0         0         0
157_d3_10141_d3_1     0.8655     0.1202   0.004392     0.5075  0.009828     1.135
157_d3_10139_d3_1     0.8653     0.1202          0          0         0         0
157_d3_10142_d3_1     0.8653     0.1202          0          0         0         0
157_d3_10143_d3_1     0.8653     0.1202          0          0         0         0
157_d3_10144_d3_1     0.8653     0.1202          0          0         0         0
157_d3_10000_d3_1     0.8651     0.1202   0.004583     0.5298   0.01023     1.183
157_d3_10493_d3_1      0.873     0.1213          0          0         0         0
157_d3_10494_d3_1      0.873     0.1213          0          0         0         0
157_d3_10497_d3_1      0.873     0.1213          0          0         0         0
157_d3_10498_d3_1      0.873     0.1213          0          0         0         0
157_d3_10499_d3_1     0.8729     0.1213          0          0         0         0
157_d3_9996_d3_1      0.8651     0.1202   0.004593     0.5309   0.01028     1.188
157_d3_10130_d3_1     0.8731     0.1213          0          0         0         0
157_d3_10131_d3_1     0.8731     0.1213          0          0         0         0
157_d3_10132_d3_1     0.8731     0.1213          0          0         0         0
157_d3_10133_d3_1     0.8731     0.1213          0          0         0         0
157_d3_10134_d3_1     0.8731     0.1213          0          0         0         0
157_d3_10135_d3_1     0.8731     0.1213          0          0         0         0
157_d3_9995_d3_1      0.8651     0.1202   0.004598     0.5314    0.0103     1.191
157_d3_10495_d3_1     0.8651     0.1202   0.004597     0.5314    0.0103     1.191
157_d3_10496_d3_1     0.8651     0.1202   0.004598     0.5314    0.0103     1.191
157_d3_9994_d3_1      0.8651     0.1202   0.004604     0.5321   0.01033     1.194
157_d3_10006_d3_1     0.8651     0.1202   0.004619     0.5339   0.01037     1.198
157_d3_19923_d3_1     0.8651     0.1202   0.004619     0.5339   0.01037     1.198
157_d3_10007_d3_1     0.8649     0.1201   0.004686     0.5417   0.01052     1.216
154_d3_101            0.8649     0.1201   0.004686     0.5418   0.01052     1.216
157_d3_10481_d3_1     0.8646     0.1201   0.004825     0.5581   0.01083     1.253
157_d3_10482_d3_1     0.8643     0.1201   0.004918      0.569   0.01104     1.277
157_d3_10480_d3_1     0.8643     0.1201   0.004928     0.5701   0.01106     1.279
157_d3_10008_d3_1     0.8644     0.1201          0          0         0         0
157_d3_10478_d3_1     0.8641       0.12   0.004998     0.5784   0.01121     1.297
157_d3_10479_d3_1      0.864       0.12   0.005064     0.5861   0.01134     1.313
157_d3_10477_d3_1     0.8638       0.12   0.005116     0.5922   0.01145     1.325
157_d3_10009_d3_1     0.8733     0.1213          0          0         0         0
157_d3_10475_d3_1     0.8637       0.12   0.005169     0.5985   0.01156     1.339
157_d3_10476_d3_1     0.8636       0.12   0.005235     0.6062    0.0117     1.355
157_d3_10474_d3_1     0.8634     0.1199   0.005301      0.614   0.01183      1.37
157_d3_10473_d3_1     0.8633     0.1199   0.005362     0.6211   0.01195     1.384
157_d3_10054_d3_1     0.8626     0.1198   0.005706     0.6615   0.01259      1.46
157_d3_10472_d3_1     0.8634     0.1199          0          0         0         0
157_d3_29255_d3_1     0.8633     0.1199          0          0         0         0
157_d3_29253_d3_1     0.8633     0.1199          0          0         0         0
157_d3_29254_d3_1     0.8633     0.1199          0          0         0         0
157_d3_40353_d3_1     0.8633     0.1199          0          0         0         0
157_d3_40354_d3_1     0.8633     0.1199          0          0         0         0
157_d3_10055_d3_1     0.8633     0.1199          0          0         0         0
157_d3_10056_d3_1     0.8633     0.1199          0          0         0         0
157_d3_32478_d3_1     0.8622     0.1198   0.005942     0.6891   0.01301     1.509
157_d3_10469_d3_1     0.8616     0.1197   0.006322     0.7337   0.01367     1.586
157_d3_10470_d3_1     0.8614     0.1197   0.006436     0.7471   0.01386     1.609
157_d3_10057_d3_1     0.8629     0.1199          0          0         0         0
157_d3_10467_d3_1     0.8607     0.1196   0.006935     0.8058    0.0147     1.708
157_d3_10468_d3_1     0.8604     0.1195   0.007161     0.8324   0.01508     1.753
157_d3_10098_d3_1     0.8603     0.1195   0.007181     0.8347   0.01511     1.756
151_d3_632            0.8603     0.1195   0.007182     0.8348   0.01511     1.757
157_d3_10058_d3_1     0.8603     0.1195   0.007201      0.837   0.01514      1.76
157_d3_9981_d3_1      0.8603     0.1195   0.007201      0.837   0.01514      1.76
157_d3_10059_d3_1     0.8599     0.1195   0.007451     0.8664   0.01556     1.809
157_d3_10060_d3_1     0.8599     0.1195   0.007451     0.8664   0.01556     1.809
157_d3_10096_d3_1     0.8597     0.1194   0.007629     0.8875   0.01585     1.844
157_d3_10097_d3_1     0.8595     0.1194   0.007742     0.9008   0.01604     1.866
157_d3_10061_d3_1     0.8595     0.1194   0.007742     0.9008   0.01604     1.866
157_d3_10094_d3_1     0.8592     0.1193   0.007979     0.9288   0.01643     1.912
157_d3_10095_d3_1     0.8588     0.1193   0.008249     0.9605   0.01687     1.965
157_d3_10062_d3_1     0.8588     0.1193   0.008249     0.9605   0.01687     1.965
157_d3_10064_d3_1      0.858     0.1192   0.008763      1.021   0.01771     2.064
157_d3_10065_d3_1     0.8745     0.1215          0          0         0         0
157_d3_10066_d3_1     0.8745     0.1215          0          0         0         0
157_d3_10092_d3_1      0.858     0.1192   0.008764      1.021    0.0177     2.063
157_d3_10093_d3_1      0.858     0.1192   0.008765      1.021    0.0177     2.062
157_d3_10075_d3_1      0.858     0.1192   0.008765      1.021    0.0177     2.062
157_d3_10076_d3_1      0.858     0.1192   0.008765      1.022    0.0177     2.062
157_d3_10074_d3_1      0.858     0.1192   0.008765      1.022    0.0177     2.062
157_d3_10077_d3_1     0.8744     0.1215          0          0         0         0
157_d3_25575_d3_1     0.8744     0.1215          0          0         0         0
157_d3_25574_d3_1     0.8744     0.1215          0          0         0         0
157_d3_37134_d3_1     0.8695     0.1208   0.002218     0.2551  0.005727    0.6586
157_d3_37135_d3_1     0.8693     0.1208   0.002295      0.264  0.005857    0.6737
157_d3_9944_d3_1      0.8693     0.1208   0.002295      0.264  0.005857    0.6737
157_d3_9945_d3_1      0.8693     0.1208   0.002299     0.2645  0.005863    0.6745
157_d3_9946_d3_1      0.8692     0.1207   0.002358     0.2712  0.005962    0.6859
154_d3_99             0.8692     0.1207   0.002358     0.2713  0.005962    0.6859
157_d3_10418_d3_1     0.8691     0.1207    0.00242     0.2784  0.006065    0.6979
157_d3_10419_d3_1     0.8682     0.1206   0.002899     0.3339  0.006888    0.7934
157_d3_10420_d3_1     0.8681     0.1206   0.002961     0.3411  0.006997     0.806
157_d3_9949_d3_1       0.868     0.1206   0.003073      0.354  0.007194    0.8288
157_d3_9951_d3_1      0.8678     0.1205   0.003182     0.3667  0.007386    0.8512
157_d3_13456_d3_1     0.8674     0.1205   0.003446     0.3972  0.007849    0.9048
157_d3_13457_d3_1     0.8674     0.1205    0.00348     0.4012   0.00791    0.9119
157_d3_9953_d3_1      0.8673     0.1205    0.00351     0.4047  0.007963     0.918
157_d3_9955_d3_1      0.8673     0.1205   0.003582     0.4131  0.008104    0.9345
157_d3_9957_d3_1      0.8672     0.1205    0.00365     0.4209  0.008234    0.9495
157_d3_10024_d3_1     0.8672     0.1205   0.003655     0.4215  0.008244    0.9507
157_d3_22768_d3_1      0.867     0.1204   0.003717     0.4287  0.008363    0.9645
157_d3_22769_d3_1      0.867     0.1204    0.00374     0.4313  0.008405    0.9694
157_d3_10025_d3_1     0.8666     0.1204   0.003904     0.4505  0.008727     1.007
157_d3_9962_d3_1      0.8665     0.1204   0.003922     0.4527  0.008763     1.011
157_d3_10148_d3_1     0.8662     0.1203   0.004047     0.4672  0.009012      1.04
157_d3_10149_d3_1     0.8662     0.1203   0.004056     0.4682  0.009029     1.042
157_d3_10147_d3_1     0.8661     0.1203   0.004108     0.4743  0.009151     1.057
157_d3_28081_d3_1      0.866     0.1203   0.004137     0.4777  0.009218     1.064
158_d3_15610_d3_1     0.8732     0.1213          0          0         0         0
157_d3_28082_d3_1      0.866     0.1203   0.004177     0.4824  0.009314     1.076
157_d3_10146_d3_1     0.8659     0.1203   0.004224     0.4879  0.009426     1.089
157_d3_10145_d3_1     0.8658     0.1203    0.00425     0.4908  0.009487     1.096
157_d3_9993_d3_1      0.8656     0.1202          0          0         0         0
157_d3_40408_d3_1     0.8656     0.1202          0          0         0         0
158_d3_37647_d3_1     0.8656     0.1202          0          0         0         0
157_d3_10140_d3_1     0.8656     0.1202   0.004365     0.5043  0.009764     1.128
157_d3_10137_d3_1     0.8655     0.1202   0.004403     0.5087  0.009852     1.138
157_d3_10138_d3_1     0.8653     0.1202   0.004533     0.5239   0.01016     1.174
157_d3_10136_d3_1     0.8652     0.1202   0.004585       0.53   0.01028     1.189
151_d3_631            0.8652     0.1202   0.004586     0.5301   0.01028     1.189
157_d3_9997_d3_1       0.865     0.1202          0          0         0         0
159_d3_12032_d3_1      0.865     0.1202          0          0         0         0
157_d3_9998_d3_1      0.8651     0.1202   0.004587     0.5302   0.01025     1.185
157_d3_9999_d3_1      0.8651     0.1202   0.004587     0.5302   0.01025     1.185
157_d3_10002_d3_1     0.8651     0.1202   0.004578     0.5292   0.01022     1.182
157_d3_10489_d3_1     0.8651     0.1202   0.004576     0.5289   0.01022     1.181
157_d3_10490_d3_1     0.8651     0.1202   0.004573     0.5286   0.01021     1.181
157_d3_10485_d3_1     0.8651     0.1202   0.004571     0.5284   0.01021      1.18
157_d3_10001_d3_1     0.8649     0.1201          0          0         0         0
157_d3_10082_d3_1     0.8651     0.1202   0.004569     0.5282    0.0102      1.18
157_d3_10083_d3_1      0.865     0.1202   0.004568     0.5281    0.0102     1.179
157_d3_10003_d3_1      0.865     0.1202   0.004568      0.528    0.0102     1.179
157_d3_10004_d3_1      0.865     0.1202   0.004567      0.528    0.0102     1.179
157_d3_10005_d3_1     0.8649     0.1201          0          0         0         0
157_d3_10486_d3_1      0.865     0.1202   0.004567     0.5279    0.0102     1.179
157_d3_10487_d3_1      0.865     0.1202   0.004567     0.5279    0.0102     1.179
157_d3_10488_d3_1      0.865     0.1202   0.004567     0.5279    0.0102     1.179
157_d3_33166_d3_1      0.865     0.1202   0.004567     0.5279    0.0102     1.179
157_d3_10483_d3_1     0.8649     0.1201          0          0         0         0
157_d3_10484_d3_1     0.8649     0.1201          0          0         0         0
157_d3_10080_d3_1      0.873     0.1213          0          0         0         0
157_d3_10081_d3_1     0.8729     0.1213          0          0         0         0
157_d3_10079_d3_1     0.8729     0.1213          0          0         0         0
157_d3_10078_d3_1     0.8729     0.1213          0          0         0         0
157_d3_10491_d3_1      0.873     0.1213          0          0         0         0
157_d3_10492_d3_1      0.873     0.1213          0          0         0         0
157_d3_10085_d3_1     0.8573     0.1191          0          0         0         0
157_d3_29761_d3_1     0.8573     0.1191          0          0         0         0
157_d3_29762_d3_1     0.8573     0.1191          0          0         0         0
157_d3_10084_d3_1     0.8573     0.1191          0          0         0         0
157_d3_25577_d3_1     0.8744     0.1215          0          0         0         0
157_d3_25578_d3_1     0.8744     0.1215          0          0         0         0
157_d3_25576_d3_1     0.8744     0.1215          0          0         0         0
157_d3_10463_d3_1     0.8573     0.1191   0.009357      1.091   0.01871     2.182
157_d3_10464_d3_1     0.8571     0.1191   0.009515       1.11   0.01897     2.213
157_d3_10458_d3_1     0.8569      0.119   0.009677      1.129   0.01923     2.245
157_d3_10459_d3_1     0.8567      0.119   0.009797      1.144   0.01943     2.268
157_d3_10457_d3_1      0.856     0.1189    0.01039      1.214   0.02038     2.381
157_d3_10069_d3_1      0.856     0.1189    0.01039      1.214   0.02035     2.377
157_d3_10070_d3_1     0.8751     0.1216          0          0         0         0
157_d3_10071_d3_1     0.8751     0.1216          0          0         0         0
157_d3_10072_d3_1     0.8751     0.1216          0          0         0         0
157_d3_10073_d3_1     0.8751     0.1216          0          0         0         0
158_d3_2260_d3_1      0.8751     0.1216          0          0         0         0
157_d3_10455_d3_1     0.8752     0.1216          0          0         0         0
157_d3_10456_d3_1     0.8752     0.1216          0          0         0         0
157_d3_10453_d3_1      0.856     0.1189    0.01039      1.213   0.02035     2.378
157_d3_10454_d3_1      0.856     0.1189    0.01039      1.213   0.02035     2.377
157_d3_10120_d3_1     0.8752     0.1216          0          0         0         0
157_d3_10452_d3_1     0.8752     0.1216          0          0         0         0
157_d3_28166_d3_1      0.856     0.1189    0.01038      1.213   0.02034     2.376
157_d3_28167_d3_1     0.8559     0.1189    0.01038      1.213   0.02033     2.375
157_d3_10099_d3_1     0.8751     0.1216          0          0         0         0
157_d3_10100_d3_1     0.8559     0.1189    0.01038      1.213   0.02033     2.375
157_d3_10115_d3_1     0.8559     0.1189    0.01038      1.213   0.02033     2.375
157_d3_10116_d3_1     0.8559     0.1189    0.01038      1.213   0.02033     2.375
157_d3_10117_d3_1     0.8751     0.1216          0          0         0         0
157_d3_10118_d3_1     0.8751     0.1216          0          0         0         0
157_d3_27413_d3_1     0.8556     0.1189     0.0107       1.25   0.02091     2.444
157_d3_10101_d3_1     0.8522     0.1184     0.0139      1.632   0.02642       3.1
157_d3_10102_d3_1     0.8522     0.1184     0.0139      1.632   0.02642       3.1
157_d3_10103_d3_1     0.8781      0.122          0          0         0         0
157_d3_10450_d3_1     0.8519     0.1183    0.01413      1.658   0.02681     3.147
157_d3_10451_d3_1      0.851     0.1182    0.01505      1.769   0.02839     3.337
157_d3_10104_d3_1     0.8592     0.1193          0          0         0         0
157_d3_10105_d3_1     0.8149     0.1132          0          0         0         0
157_d3_10161_d3_1     0.8148     0.1132          0          0         0         0
157_d3_10162_d3_1     0.8148     0.1132          0          0         0         0
157_d3_10106_d3_1      0.814     0.1131          0          0         0         0
154_d3_103             0.814     0.1131          0          0         0         0
157_d3_10107_d3_1     0.8123     0.1128          0          0         0         0
150_d3_8              0.8928      0.124          0          0         0         0
157_d3_29251_d3_1     0.8854      0.123          0          0         0         0
157_d3_29250_d3_1     0.8854      0.123          0          0         0         0
157_d3_29252_d3_1     0.8801     0.1222          0          0         0         0
157_d3_10160_d3_1     0.8769     0.1218          0          0         0         0
157_d3_10108_d3_1     0.8769     0.1218          0          0         0         0
157_d3_9989_d3_1      0.8638       0.12          0          0         0         0
157_d3_9990_d3_1      0.8609     0.1196          0          0         0         0
157_d3_10112_d3_1     0.8609     0.1196          0          0         0         0
157_d3_10157_d3_1     0.8566      0.119          0          0         0         0
157_d3_10125_d3_1     0.8497      0.118          0          0         0         0
157_d3_10126_d3_1     0.8497      0.118          0          0         0         0
157_d3_10127_d3_1      0.849     0.1179          0          0         0         0
150_d3_9              0.9329     0.1296          0          0         0         0
157_d3_10128_d3_1     0.9305     0.1292          0          0         0         0
157_d3_10129_d3_1     0.9305     0.1292          0          0         0         0
157_d3_32382_d3_1     0.9293     0.1291          0          0         0         0
157_d3_32379_d3_1     0.9293     0.1291          0          0         0         0
154_d3_618            0.9293     0.1291          0          0         0         0
157_d3_32380_d3_1     0.9291     0.1291          0          0         0         0
157_d3_32381_d3_1      0.929      0.129          0          0         0         0
157_d3_32384_d3_1     0.9289      0.129          0          0         0         0
157_d3_32383_d3_1     0.9274     0.1288          0          0         0         0
157_d3_10150_d3_1      0.927     0.1288          0          0         0         0
157_d3_10439_d3_6     0.9268     0.1287          0          0         0         0
157_d3_10439_d3_7     0.9263     0.1287          0          0         0         0
157_d3_17056_d3_1     0.8649     0.1201          0          0         0         0
157_d3_17054_d3_1     0.8648     0.1201          0          0         0         0
157_d3_17052_d3_1     0.8648     0.1201          0          0         0         0
157_d3_17053_d3_1     0.8647     0.1201          0          0         0         0
157_d3_17050_d3_1     0.8647     0.1201          0          0         0         0
157_d3_17051_d3_1     0.8646     0.1201          0          0         0         0
157_d3_10531_d3_1     0.8646     0.1201          0          0         0         0
157_d3_10532_d3_1     0.8646     0.1201          0          0         0         0
157_d3_17048_d3_1     0.8645     0.1201          0          0         0         0
157_d3_17049_d3_1     0.8644     0.1201          0          0         0         0
157_d3_17046_d3_1     0.8644     0.1201          0          0         0         0
157_d3_17047_d3_1     0.8644     0.1201          0          0         0         0
157_d3_17045_d3_1     0.8644     0.1201          0          0         0         0
157_d3_10368_d3_1     0.8643     0.1201          0          0         0         0
157_d3_10369_d3_1     0.8643     0.1201          0          0         0         0
157_d3_10366_d3_1      0.867     0.1204   0.001316     0.1518  0.003694     0.426
157_d3_10367_d3_1      0.867     0.1204   0.001312     0.1513  0.003697    0.4264
157_d3_35698_d3_1      0.867     0.1204   0.001307     0.1508    0.0037    0.4268
157_d3_36720_d3_1      0.867     0.1204   0.001307     0.1508    0.0037    0.4268
157_d3_10209_d3_1     0.8698     0.1208   0.001322      0.152  0.003218    0.3699
157_d3_10524_d3_1      0.869     0.1207          0          0         0         0
157_d3_10525_d3_1      0.869     0.1207          0          0         0         0
157_d3_10370_d3_1     0.8702     0.1209   0.001316     0.1512  0.003251    0.3736
157_d3_26396_d3_1     0.8727     0.1212          0          0         0         0
157_d3_36723_d3_1     0.8727     0.1212          0          0         0         0
157_d3_9992_d3_1      0.8717     0.1211    0.00129     0.1479  0.003402    0.3902
157_d3_10207_d3_1     0.8744     0.1215          0          0         0         0
157_d3_9919_d3_1      0.8723     0.1212   0.001281     0.1468  0.003478    0.3988
157_d3_34686_d3_1     0.8722     0.1212   0.001289     0.1478  0.003502    0.4015
157_d3_34687_d3_1     0.8722     0.1212     0.0013     0.1491  0.003533     0.405
151_d3_616            0.8722     0.1212   0.001301     0.1491  0.003533    0.4051
157_d3_10385_d3_1     0.8721     0.1211    0.00133     0.1525  0.003615    0.4146
157_d3_10386_d3_1      0.872     0.1211   0.001356     0.1555  0.003685    0.4226
157_d3_10389_d3_1     0.8718     0.1211   0.001401     0.1607  0.003809    0.4369
157_d3_10390_d3_1     0.8717     0.1211   0.001431     0.1642  0.003891    0.4464
157_d3_10391_d3_1     0.8715     0.1211   0.001472     0.1689  0.004004    0.4594
157_d3_30206_d3_1     0.8714      0.121   0.001503     0.1725  0.004087    0.4691
157_d3_30207_d3_1     0.8713      0.121   0.001524     0.1749  0.004143    0.4755
157_d3_10392_d3_1     0.8713      0.121   0.001544     0.1772  0.004198    0.4819
157_d3_27989_d3_1     0.8711      0.121   0.001581     0.1815  0.004299    0.4935
157_d3_27990_d3_1      0.871      0.121   0.001605     0.1843  0.004362    0.5007
157_d3_9921_d3_1      0.8707      0.121   0.001686     0.1936  0.004574    0.5252
157_d3_9926_d3_1      0.8707     0.1209   0.001716     0.1971  0.004654    0.5345
157_d3_9927_d3_1      0.8707     0.1209   0.001716      0.197  0.004652    0.5343
157_d3_9928_d3_1      0.8706     0.1209   0.001738     0.1997  0.004716    0.5417
157_d3_10393_d3_1     0.8691     0.1207          0          0         0         0
157_d3_10394_d3_1     0.8691     0.1207          0          0         0         0
157_d3_10395_d3_1     0.8705     0.1209   0.001767      0.203  0.004793    0.5506
157_d3_10396_d3_1     0.8705     0.1209   0.001793     0.2059  0.004862    0.5586
157_d3_37118_d3_1     0.8704     0.1209   0.001812     0.2082  0.004915    0.5646
157_d3_37119_d3_1     0.8703     0.1209   0.001853     0.2129  0.005022    0.5771
157_d3_10398_d3_1     0.8675     0.1205          0          0         0         0
157_d3_10399_d3_1     0.8674     0.1205          0          0         0         0
157_d3_30193_d3_1     0.8672     0.1205          0          0         0         0
157_d3_30194_d3_1     0.8671     0.1204          0          0         0         0
157_d3_9939_d3_1       0.867     0.1204          0          0         0         0
157_d3_10402_d3_1     0.8668     0.1204          0          0         0         0
157_d3_10403_d3_1     0.8667     0.1204          0          0         0         0
157_d3_10533_d3_1     0.8666     0.1204          0          0         0         0
157_d3_10534_d3_1     0.8665     0.1204          0          0         0         0
157_d3_10401_d3_1     0.8664     0.1203          0          0         0         0
157_d3_28549_d3_1     0.8664     0.1203          0          0         0         0
157_d3_28550_d3_1     0.8664     0.1203          0          0         0         0
157_d3_10400_d3_1     0.8663     0.1203          0          0         0         0
157_d3_9980_d3_1      0.8663     0.1203          0          0         0         0
157_d3_10404_d3_1     0.8703     0.1209   0.001852     0.2128  0.005019    0.5767
157_d3_10405_d3_1     0.8703     0.1209   0.001852     0.2128  0.005017    0.5765
157_d3_10800_d3_1     0.8703     0.1209   0.001852     0.2128  0.005017    0.5765
157_d3_37136_d3_1     0.8702     0.1209   0.001874     0.2154  0.005097    0.5857
157_d3_9938_d3_1      0.8683     0.1206          0          0         0         0
157_d3_32558_d3_1     0.8682     0.1206          0          0         0         0
157_d3_32559_d3_1      0.868     0.1206          0          0         0         0
157_d3_32560_d3_1     0.8679     0.1206          0          0         0         0
157_d3_33597_d3_1      0.926     0.1286          0          0         0         0
157_d3_33599_d3_1      0.926     0.1286          0          0         0         0
155_d3_2398            0.926     0.1286          0          0         0         0
158_d3_28519_d3_1     0.9259     0.1286          0          0         0         0
151_d3_10711          0.9259     0.1286          0          0         0         0
158_d3_28520_d3_1     0.9259     0.1286          0          0         0         0
158_d3_28521_d3_1     0.9259     0.1286          0          0         0         0
158_d3_28522_d3_1     0.9259     0.1286          0          0         0         0
151_d3_10713          0.9259     0.1286          0          0         0         0
158_d3_28523_d3_1     0.9259     0.1286          0          0         0         0
158_d3_31601_d3_1     0.9259     0.1286          0          0         0         0
157_d3_10439_d3_2     0.9262     0.1287          0          0         0         0
157_d3_10440_d3_1     0.9262     0.1287          0          0         0         0
158_d3_2262_d3_1      0.9269     0.1288          0          0         0         0
158_d3_31907_d3_1     0.9269     0.1288          0          0         0         0
157_d3_10151_d3_1     0.9243     0.1284          0          0         0         0
157_d3_10164_d3_1     0.9242     0.1284          0          0         0         0
157_d3_10165_d3_1     0.9242     0.1284          0          0         0         0
157_d3_10166_d3_1     0.9242     0.1284          0          0         0         0
157_d3_10042_d3_1     0.9128     0.1268          0          0         0         0
157_d3_10433_d3_1     0.9075     0.1261          0          0         0         0
157_d3_13454_d3_1     0.9075     0.1261          0          0         0         0
157_d3_13455_d3_1     0.9017     0.1253          0          0         0         0
157_d3_10040_d3_1     0.9015     0.1252          0          0         0         0
157_d3_10041_d3_1     0.9015     0.1252          0          0         0         0
157_d3_10206_d3_1     0.9013     0.1252          0          0         0         0
157_d3_29283_d3_1     0.9015     0.1252          0          0         0         0
157_d3_10205_d3_1      0.901     0.1252          0          0         0         0
157_d3_10203_d3_1     0.9016     0.1252          0          0         0         0
157_d3_10204_d3_1     0.9016     0.1252          0          0         0         0
157_d3_26380_d3_1     0.9016     0.1252          0          0         0         0
157_d3_26378_d3_1     0.9016     0.1252          0          0         0         0
157_d3_26379_d3_1     0.9016     0.1252          0          0         0         0
157_d3_26381_d3_1     0.9015     0.1252          0          0         0         0
157_d3_10194_d3_1     0.9075     0.1261          0          0         0         0
154_d3_104            0.9075     0.1261          0          0         0         0
157_d3_10038_d3_1     0.9036     0.1255          0          0         0         0
157_d3_10039_d3_2     0.9022     0.1253          0          0         0         0
157_d3_92857_d3_2     0.9022     0.1253          0          0         0         0
157_d3_10039_d3_3     0.9011     0.1252          0          0         0         0
157_d3_10037_d3_1     0.8979     0.1247          0          0         0         0
157_d3_10196_d3_1     0.8906     0.1237          0          0         0         0
157_d3_10197_d3_1     0.8906     0.1237          0          0         0         0
157_d3_10198_d3_1     0.8902     0.1237          0          0         0         0
157_d3_10199_d3_1     0.8902     0.1237          0          0         0         0
157_d3_10200_d3_1     0.8898     0.1236          0          0         0         0
157_d3_10030_d3_1     0.8883     0.1234          0          0         0         0
157_d3_10031_d3_1     0.8881     0.1234          0          0         0         0
157_d3_10202_d3_1     0.8881     0.1234          0          0         0         0
157_d3_10028_d3_2      0.888     0.1233          0          0         0         0
157_d3_69570_d3_3      0.888     0.1233          0          0         0         0
157_d3_10028_d3_3     0.8877     0.1233          0          0         0         0
157_d3_10029_d3_1     0.8876     0.1233          0          0         0         0
157_d3_10027_d3_1     0.8876     0.1233          0          0         0         0
157_d3_10026_d3_1     0.8876     0.1233          0          0         0         0
157_d3_40407_d3_1     0.8876     0.1233          0          0         0         0
157_d3_10201_d3_1     0.8897     0.1236          0          0         0         0
157_d3_10411_d3_1     0.8979     0.1247          0          0         0         0
154_d3_480            0.8979     0.1247          0          0         0         0
157_d3_10412_d3_1     0.8977     0.1247          0          0         0         0
157_d3_10036_d3_1     0.8976     0.1247          0          0         0         0
157_d3_10032_d3_1     0.8975     0.1247          0          0         0         0
157_d3_11919_d3_1     0.8975     0.1247          0          0         0         0
157_d3_11918_d3_1     0.8975     0.1247          0          0         0         0
157_d3_11920_d3_1     0.8975     0.1247          0          0         0         0
157_d3_10413_d3_1     0.8976     0.1247          0          0         0         0
154_d3_481            0.8976     0.1247          0          0         0         0
157_d3_10414_d3_1     0.8976     0.1247          0          0         0         0
157_d3_10035_d3_1     0.8976     0.1247          0          0         0         0
157_d3_10033_d3_1     0.8976     0.1247          0          0         0         0
157_d3_10034_d3_1     0.8976     0.1247          0          0         0         0
159_d3_11970_d3_1     0.8976     0.1247          0          0         0         0
157_d3_10195_d3_1     0.8976     0.1247          0          0         0         0
158_d3_25341_d3_1     0.8693     0.1207   0.002296     0.2641  0.005869    0.6751
158_d3_25337_d3_1     0.8693     0.1207   0.002296     0.2641  0.005869    0.6751
158_d3_25339_d3_1     0.8693     0.1207   0.002296     0.2641  0.005869    0.6751
158_d3_25336_d3_1     0.8693     0.1207   0.002296     0.2641  0.005869    0.6751
157_d3_32556_d3_1     0.8685     0.1206          0          0         0         0
157_d3_32557_d3_1     0.8684     0.1206          0          0         0         0
157_d3_9940_d3_1      0.8684     0.1206          0          0         0         0
157_d3_36220_d3_1     0.8745     0.1215          0          0         0         0
157_d3_9937_d3_1      0.8745     0.1215          0          0         0         0
157_d3_9935_d3_1      0.8745     0.1215          0          0         0         0
157_d3_9934_d3_1      0.8745     0.1215          0          0         0         0
157_d3_65574_d3_1      0.879     0.1221  0.0003246    0.03692  0.001459     0.166
157_d3_64347_d3_2      0.918     0.1275  0.0002689    0.02929  0.001324    0.1443
157_d3_64348_d3_2      0.918     0.1275  0.0002689    0.02929  0.001324    0.1443
157_d3_64349_d3_1      0.918     0.1275  0.0002689    0.02929  0.001324    0.1443
157_d3_64350_d3_3      0.918     0.1275  0.0002689    0.02929  0.001324    0.1443
151_d3_42215           0.918     0.1275  0.0002689    0.02929  0.001324    0.1443
oh164056               0.918     0.1275  0.0002689    0.02929  0.001324    0.1443
157_d3_65962_d3_2      0.918     0.1275  0.0002689    0.02929  0.001324    0.1443
155_d3_17501           0.918     0.1275  0.0002689    0.02929  0.001324    0.1443
157_d3_65963_d3_2     0.9191     0.1277          0          0         0         0
oh164055               0.918     0.1275  0.0002689    0.02929  0.001324    0.1443
157_d3_26026_d3_5      0.918     0.1275  0.0002689    0.02929  0.001324    0.1443
151_d3_42217           0.918     0.1275  0.0002689    0.02929  0.001324    0.1443
157_d3_26025_d3_2      0.918     0.1275  0.0002689    0.02929  0.001324    0.1443
157_d3_10841_d3_1      0.918     0.1275  0.0002689    0.02929  0.001324    0.1443
157_d3_65960_d3_3     0.9251     0.1285  0.0002686    0.02904  0.001318    0.1425
157_d3_65959_d3_2     0.9119     0.1267  0.0002434    0.02669  0.001192    0.1307
157_d3_10503_d3_1     0.8661     0.1203   0.004088      0.472  0.008924      1.03
157_d3_10504_d3_1     0.8661     0.1203   0.004097      0.473  0.008898     1.027
157_d3_10505_d3_1     0.8661     0.1203   0.004104     0.4739  0.008874     1.025
157_d3_9963_d3_1      0.8729     0.1212          0          0         0         0
157_d3_10506_d3_1     0.8661     0.1203   0.004111     0.4747  0.008852     1.022
157_d3_10507_d3_1     0.8661     0.1203   0.004118     0.4754  0.008832      1.02
157_d3_10508_d3_1     0.8728     0.1212          0          0         0         0
157_d3_10509_d3_1     0.8727     0.1212          0          0         0         0
157_d3_10510_d3_1     0.8727     0.1212          0          0         0         0
157_d3_10513_d3_1     0.8726     0.1212          0          0         0         0
157_d3_10514_d3_1     0.8726     0.1212          0          0         0         0
157_d3_9965_d3_1      0.8726     0.1212          0          0         0         0
157_d3_9966_d3_1      0.8726     0.1212          0          0         0         0
157_d3_10515_d3_1     0.8725     0.1212          0          0         0         0
157_d3_10516_d3_1     0.8725     0.1212          0          0         0         0
157_d3_9973_d3_1      0.8725     0.1212          0          0         0         0
157_d3_9972_d3_1      0.8724     0.1212          0          0         0         0
157_d3_9967_d3_1      0.8724     0.1212          0          0         0         0
157_d3_9968_d3_1      0.8724     0.1212          0          0         0         0
157_d3_10511_d3_1     0.8661     0.1203   0.004115     0.4752  0.008833      1.02
157_d3_10512_d3_1     0.8661     0.1203   0.004114      0.475  0.008833      1.02
157_d3_9964_d3_1       0.866     0.1203          0          0         0         0
157_d3_10500_d3_1     0.8665     0.1204   0.003922     0.4527  0.008763     1.011
157_d3_10501_d3_1     0.8734     0.1213          0          0         0         0
157_d3_10502_d3_1     0.8734     0.1213          0          0         0         0
157_d3_9958_d3_1      0.8602     0.1195          0          0         0         0
158_d3_5277_d3_1       0.861     0.1196          0          0         0         0
157_d3_9956_d3_1      0.8672     0.1205   0.003578     0.4125  0.008105    0.9345
157_d3_10432_d3_1     0.8673     0.1205   0.003512     0.4049  0.007936     0.915
157_d3_10023_d3_1     0.8673     0.1205   0.003514     0.4052  0.007902    0.9111
157_d3_10430_d3_1     0.8673     0.1205   0.003514     0.4052  0.007891    0.9099
157_d3_10431_d3_1     0.8672     0.1205   0.003513     0.4051  0.007879    0.9085
157_d3_10429_d3_1     0.8672     0.1205   0.003511     0.4048  0.007871    0.9076
157_d3_9969_d3_1      0.8672     0.1205   0.003518     0.4057  0.007851    0.9053
157_d3_9970_d3_1      0.8672     0.1205   0.003523     0.4062  0.007838    0.9038
157_d3_9961_d3_1      0.8672     0.1205   0.003523     0.4063  0.007836    0.9036
157_d3_10423_d3_1     0.8672     0.1205   0.003525     0.4065  0.007831     0.903
157_d3_10424_d3_1     0.8672     0.1205   0.003529     0.4069  0.007821    0.9018
157_d3_10425_d3_1     0.8672     0.1205   0.003531     0.4072  0.007815    0.9012
157_d3_10426_d3_1     0.8672     0.1205   0.003532     0.4072  0.007813     0.901
157_d3_10427_d3_1     0.8666     0.1204          0          0         0         0
157_d3_10428_d3_1     0.8666     0.1204          0          0         0         0
157_d3_9971_d3_1      0.8666     0.1204          0          0         0         0
157_d3_9959_d3_1      0.8666     0.1204          0          0         0         0
157_d3_9960_d3_1      0.8666     0.1204          0          0         0         0
157_d3_9954_d3_1      0.8667     0.1204          0          0         0         0
157_d3_27237_d3_1     0.8674     0.1205    0.00348     0.4012   0.00791    0.9119
157_d3_9952_d3_1      0.8678     0.1205   0.003185     0.3671  0.007392    0.8518
157_d3_30251_d3_1     0.8678     0.1205   0.003185     0.3671  0.007392    0.8518
157_d3_9950_d3_1       0.867     0.1204          0          0         0         0
157_d3_9948_d3_1      0.8671     0.1204          0          0         0         0
157_d3_9947_d3_2      0.8681     0.1206   0.002965     0.3415     0.007    0.8064
157_d3_78395_d3_2     0.8681     0.1206   0.002965     0.3415     0.007    0.8064
155_d3_23108          0.8681     0.1206   0.002965     0.3415  0.007001    0.8064
158_d3_98214_d3_1     0.8681     0.1206   0.002965     0.3416  0.007001    0.8065
151_d3_59534-b        0.8681     0.1206   0.002965     0.3416  0.007001    0.8065
158_d3_98210_d3_2     0.8681     0.1206   0.002965     0.3416  0.007001    0.8065
158_d3_98207_d3_1     0.8681     0.1206   0.002965     0.3416  0.007001    0.8065
158_d3_98208_d3_1     0.8681     0.1206   0.002965     0.3416  0.007001    0.8065
158_d3_98209_d3_1     0.8681     0.1206   0.002965     0.3416  0.007001    0.8065
158_d3_98213_d3_2     0.8681     0.1206   0.002965     0.3416  0.007001    0.8065
151_d3_59531-b        0.8681     0.1206   0.002965     0.3416  0.007001    0.8065
158_d3_2275_d3_5       0.868     0.1206   0.002973     0.3425  0.007009    0.8075
158_d3_36818_d3_1     0.8635     0.1199          0          0         0         0
157_d3_75995_d3_1     0.8693     0.1208   0.002299     0.2645  0.005863    0.6745
155_d3_20710          0.8693     0.1208   0.002299     0.2645  0.005863    0.6745
158_d3_7005_d3_4      0.8693     0.1207   0.002296     0.2642  0.005869    0.6751
151_d3_8677           0.8693     0.1207   0.002296     0.2641  0.005869    0.6751
158_d3_25342_d3_1     0.8693     0.1207   0.002296     0.2641  0.005869    0.6751
158_d3_25340_d3_1     0.8693     0.1207   0.002296     0.2641  0.005869    0.6751
158_d3_25338_d3_1     0.8693     0.1207   0.002296     0.2641  0.005869    0.6751
151_d3_8678           0.8693     0.1207   0.002296     0.2641  0.005869    0.6751
158_d3_25343_d3_1     0.8693     0.1207   0.002295      0.264  0.005871    0.6754
158_d3_7006_d3_1      0.8692     0.1207   0.002293     0.2638  0.005873    0.6757
158_d3_7007_d3_3      0.8692     0.1207   0.002293     0.2638  0.005873    0.6757
157_d3_39540_d3_2     0.8668     0.1204   0.001333     0.1538  0.003125    0.3605
157_d3_39541_d3_1     0.8666     0.1204   0.001335     0.1541  0.003096    0.3572
154_d3_100            0.8666     0.1204   0.001336     0.1541  0.003096    0.3572
157_d3_10362_d3_1     0.8661     0.1203   0.001346     0.1554  0.002974    0.3434
157_d3_10363_d3_1     0.8658     0.1203   0.001353     0.1563  0.002899    0.3348
157_d3_10013_d3_1     0.8658     0.1203   0.001351      0.156  0.002896    0.3345
157_d3_10231_d3_1     0.8657     0.1203   0.001357     0.1567  0.002873    0.3318
157_d3_10232_d3_1     0.8657     0.1203   0.001361     0.1572  0.002864    0.3308
157_d3_10233_d3_1     0.8651     0.1202          0          0         0         0
157_d3_10238_d3_1     0.8657     0.1203   0.001375     0.1588   0.00284    0.3281
157_d3_10353_d3_1     0.8676     0.1205          0          0         0         0
157_d3_10354_d3_1     0.8676     0.1205          0          0         0         0
157_d3_10349_d3_1     0.8676     0.1205          0          0         0         0
157_d3_10350_d3_1     0.8676     0.1205          0          0         0         0
157_d3_10351_d3_1     0.8676     0.1205          0          0         0         0
157_d3_10352_d3_1     0.8676     0.1205          0          0         0         0
157_d3_10355_d3_1     0.8643     0.1201          0          0         0         0
157_d3_10356_d3_1     0.8643     0.1201          0          0         0         0
157_d3_10360_d3_1     0.8677     0.1205          0          0         0         0
157_d3_10361_d3_1     0.8677     0.1205          0          0         0         0
157_d3_10234_d3_1     0.8677     0.1205          0          0         0         0
157_d3_10235_d3_1     0.8677     0.1205          0          0         0         0
157_d3_10236_d3_1     0.8677     0.1205          0          0         0         0
157_d3_10237_d3_1     0.8677     0.1205          0          0         0         0
157_d3_10358_d3_1     0.8657     0.1203   0.001354     0.1564  0.002874     0.332
157_d3_10359_d3_1     0.8657     0.1203   0.001352     0.1562  0.002875    0.3321
157_d3_10357_d3_1     0.8657     0.1203   0.001351      0.156  0.002876    0.3321
157_d3_37128_d3_1     0.8657     0.1203   0.001351      0.156  0.002875    0.3321
157_d3_37129_d3_1     0.8657     0.1203   0.001351      0.156  0.002875    0.3321
157_d3_10364_d3_1     0.8651     0.1202          0          0         0         0
157_d3_10365_d3_1     0.8651     0.1202          0          0         0         0
157_d3_10018_d3_1     0.8651     0.1202          0          0         0         0
157_d3_10019_d3_1     0.8651     0.1202          0          0         0         0
157_d3_10014_d3_1     0.8656     0.1202   0.001362     0.1574  0.002882    0.3329
151_d3_628            0.8656     0.1202   0.001363     0.1574  0.002882    0.3329
157_d3_10240_d3_1     0.8623     0.1198   0.001622     0.1881  0.002436    0.2825
157_d3_10251_d3_1     0.8623     0.1198   0.001617     0.1875  0.002435    0.2824
157_d3_10252_d3_1     0.8623     0.1198          0          0         0         0
157_d3_10253_d3_1     0.8623     0.1198          0          0         0         0
157_d3_10346_d3_1     0.8622     0.1198          0          0         0         0
157_d3_10347_d3_1     0.8622     0.1198          0          0         0         0
157_d3_10269_d3_1     0.8618     0.1197   0.001687     0.1958  0.002347    0.2724
157_d3_26376_d3_1     0.8615     0.1197    0.00173     0.2009  0.002289    0.2657
157_d3_26377_d3_1     0.8611     0.1196   0.001766     0.2051  0.002246    0.2608
157_d3_10258_d3_1     0.8608     0.1196   0.001799      0.209  0.002207    0.2563
157_d3_10260_d3_1     0.8608     0.1196   0.001799      0.209  0.002207    0.2563
157_d3_29483_d3_1     0.8612     0.1196          0          0         0         0
157_d3_29482_d3_1     0.8612     0.1196          0          0         0         0
157_d3_29484_d3_1     0.8612     0.1196          0          0         0         0
157_d3_10345_d3_1     0.8612     0.1196          0          0         0         0
157_d3_10261_d3_1     0.8612     0.1196          0          0         0         0
157_d3_10262_d3_1     0.8612     0.1196          0          0         0         0
157_d3_10272_d3_1     0.8606     0.1195    0.00183     0.2126  0.002177     0.253
151_d3_630            0.8606     0.1195    0.00183     0.2126  0.002177    0.2529
157_d3_10273_d3_1     0.8605     0.1195   0.001832     0.2129  0.002175    0.2527
157_d3_10341_d3_1     0.8604     0.1195   0.001848     0.2148  0.002159    0.2509
157_d3_10263_d3_1     0.8604     0.1195   0.001848     0.2148  0.002159    0.2509
157_d3_10264_d3_1     0.8598     0.1194   0.001909      0.222  0.002098     0.244
157_d3_10265_d3_1     0.8606     0.1195          0          0         0         0
157_d3_10265_d3_2     0.8605     0.1195          0          0         0         0
157_d3_10266_d3_1     0.8605     0.1195          0          0         0         0
157_d3_10336_d3_1     0.8605     0.1195          0          0         0         0
157_d3_10337_d3_1     0.8605     0.1195          0          0         0         0
157_d3_10267_d3_1     0.8604     0.1195          0          0         0         0
157_d3_10338_d3_1     0.8605     0.1195          0          0         0         0
157_d3_10339_d3_1     0.8604     0.1195          0          0         0         0
157_d3_9985_d3_1      0.8582     0.1192   0.002046     0.2384  0.002019    0.2352
157_d3_9986_d3_1       0.858     0.1192   0.002062     0.2404   0.00201    0.2343
157_d3_9907_d3_3      0.8785      0.122   0.000399    0.04542  0.001614    0.1837
151_d3_618            0.8785      0.122  0.0003997     0.0455  0.001614    0.1837
157_d3_9922_d3_1      0.8782      0.122  0.0004437    0.05053  0.001706    0.1943
157_d3_9923_d3_1      0.8775     0.1219  0.0005439    0.06198  0.001918    0.2185
157_d3_9909_d3_1      0.8791     0.1221          0          0         0         0
157_d3_39753_d3_2      0.877     0.1218   0.000619    0.07059  0.002075    0.2366
157_d3_68767_d3_1      0.877     0.1218   0.000619    0.07059  0.002075    0.2366
157_d3_39754_d3_2     0.8762     0.1217  0.0007314    0.08347  0.002312    0.2638
157_d3_10376_d3_1     0.8757     0.1216   0.000798    0.09113  0.002453    0.2801
157_d3_10374_d3_1     0.8754     0.1216  0.0008565    0.09784  0.002575    0.2942
157_d3_9910_d3_1      0.8775     0.1219          0          0         0         0
157_d3_9911_d3_1      0.8734     0.1213   0.001153      0.132  0.003213    0.3679
157_d3_9912_d3_1      0.8716     0.1211          0          0         0         0
157_d3_9913_d3_1      0.8716     0.1211          0          0         0         0
157_d3_9914_d3_1      0.8714      0.121          0          0         0         0
157_d3_9915_d3_1      0.8731     0.1213   0.001181     0.1353  0.003272    0.3747
157_d3_9916_d3_1      0.8715     0.1211          0          0         0         0
157_d3_9918_d3_1      0.8726     0.1212   0.001236     0.1416  0.003386     0.388
157_d3_9917_d3_1      0.8721     0.1211   0.001283     0.1471  0.003454    0.3961
151_d3_617            0.8721     0.1211   0.001283     0.1472  0.003454    0.3961
157_d3_10383_d3_1     0.8721     0.1211   0.001284     0.1472  0.003452    0.3959
157_d3_10384_d3_1      0.872     0.1211   0.001285     0.1474   0.00344    0.3945
157_d3_9991_d3_1      0.8717     0.1211   0.001289     0.1479  0.003407    0.3908
157_d3_10015_d3_1     0.8712      0.121   0.001297     0.1489  0.003353    0.3848
157_d3_10016_d3_1     0.8712      0.121   0.001297     0.1489  0.003351    0.3846
157_d3_10017_d3_1     0.8739     0.1214          0          0         0         0
157_d3_10373_d3_1     0.8739     0.1214          0          0         0         0
157_d3_10208_d3_1     0.8739     0.1214          0          0         0         0
157_d3_10371_d3_1     0.8706     0.1209   0.001307     0.1501  0.003296    0.3786
157_d3_10372_d3_1     0.8703     0.1209   0.001313     0.1509  0.003265    0.3752
157_d3_10210_d3_1     0.8697     0.1208   0.001326     0.1524  0.003198    0.3677
157_d3_10211_d3_1     0.8696     0.1208    0.00133     0.1529  0.003192     0.367
157_d3_10212_d3_1     0.8696     0.1208   0.001332     0.1531  0.003188    0.3666
157_d3_10213_d3_1      0.868     0.1206          0          0         0         0
157_d3_78391_d3_3     0.8696     0.1208    0.00133     0.1529  0.003192     0.367
155_d3_23104          0.8696     0.1208    0.00133     0.1529  0.003192     0.367
158_d3_2270_d3_4      0.8696     0.1208    0.00133      0.153  0.003193    0.3671
157_d3_36122_d3_1     0.8691     0.1207   0.001331     0.1531  0.003152    0.3627
157_d3_36123_d3_1     0.8689     0.1207   0.001333     0.1534  0.003132    0.3604
157_d3_10215_d3_1     0.8711      0.121          0          0         0         0
157_d3_10020_d3_1     0.8711      0.121          0          0         0         0
157_d3_10021_d3_1     0.8709      0.121          0          0         0         0
157_d3_9974_d3_1      0.8709      0.121          0          0         0         0
157_d3_9975_d3_1      0.8709      0.121          0          0         0         0
157_d3_9976_d3_1      0.8709      0.121          0          0         0         0
157_d3_10022_d3_1     0.8709      0.121          0          0         0         0
157_d3_9977_d3_1      0.8708      0.121          0          0         0         0
157_d3_9978_d3_1      0.8708      0.121          0          0         0         0
157_d3_10387_d3_1     0.8708      0.121          0          0         0         0
157_d3_10388_d3_1     0.8708      0.121          0          0         0         0
157_d3_10520_d3_1     0.8707     0.1209          0          0         0         0
157_d3_10521_d3_1     0.8707     0.1209          0          0         0         0
157_d3_9979_d3_1      0.8707     0.1209          0          0         0         0
157_d3_9982_d3_1      0.8707     0.1209          0          0         0         0
157_d3_10221_d3_1     0.8707     0.1209          0          0         0         0
157_d3_78392_d3_1     0.8707     0.1209          0          0         0         0
155_d3_23105          0.8707     0.1209          0          0         0         0
158_d3_8924_d3_1      0.8707     0.1209          0          0         0         0
157_d3_10216_d3_1      0.868     0.1206   0.001329     0.1531  0.003206    0.3694
157_d3_10217_d3_1     0.8704     0.1209          0          0         0         0
157_d3_10218_d3_1     0.8674     0.1205   0.001326     0.1529  0.003261     0.376
151_d3_621            0.8674     0.1205   0.001326     0.1529  0.003261     0.376
157_d3_10246_d3_1     0.8672     0.1205   0.001328     0.1531  0.003226     0.372
157_d3_10247_d3_1     0.8671     0.1204   0.001329     0.1533  0.003204    0.3695
157_d3_10245_d3_1      0.867     0.1204   0.001331     0.1535  0.003173     0.366
157_d3_10243_d3_1     0.8694     0.1208          0          0         0         0
157_d3_10244_d3_1     0.8694     0.1208          0          0         0         0
157_d3_39540_d3_1     0.8668     0.1204   0.001333     0.1538  0.003125    0.3606
adam_d4                    0          0          0          0         0         0
151_d3_10712          0.9259     0.1286          0          0         0         0
151_d3_8676           0.8693     0.1207   0.002296     0.2641  0.005869    0.6751
